[20485.247599] [Project1] 13988 1588148229.000434686 1588148229.000469849
[20485.276844] [Project1] 13989 1588148229.000480834 1588148229.000499090
[20485.306594] [Project1] 13990 1588148229.000478602 1588148229.000528844
[20561.744892] [Project1] 14239 1588148305.000932410 1588148305.000967095
[20561.795173] [Project1] 14240 1588148305.000975419 1588148306.000017395
[20561.798341] [Project1] 14241 1588148305.000971095 1588148306.000020597
[20935.319304] [Project1] 14853 1588148679.000499132 1588148679.000541533
[20935.371842] [Project1] 14854 1588148679.000563757 1588148679.000594053
[20935.376731] [Project1] 14855 1588148679.000555128 1588148679.000598986
[21014.866079] [Project1] 15064 1588148759.000071145 1588148759.000088304
[21014.936477] [Project1] 15065 1588148759.000091304 1588148759.000158722
[21014.957396] [Project1] 15063 1588148759.000091506 1588148759.000179630
[21035.305675] [Project1] 15220 1588148779.000487094 1588148779.000527921
[21035.353055] [Project1] 15221 1588148779.000546493 1588148779.000575296
[21035.358158] [Project1] 15222 1588148779.000540013 1588148779.000580415
[21056.555482] [Project1] 15378 1588148800.000743832 1588148800.000777668
[21056.612031] [Project1] 15379 1588148800.000798889 1588148800.000834251
[21056.617693] [Project1] 15380 1588148800.000791604 1588148800.000839923
[21095.716537] [Project1] 15535 1588148838.000973362 1588148839.000938589
[21098.557193] [Project1] 15536 1588148841.000851108 1588148842.000779480
[21101.476380] [Project1] 15537 1588148844.000715697 1588148845.000698573
[21104.371716] [Project1] 15538 1588148847.000611663 1588148848.000593940
[21107.189973] [Project1] 15539 1588148850.000471618 1588148851.000412193
[21110.083095] [Project1] 15540 1588148853.000327927 1588148854.000305301
[21112.983907] [Project1] 15541 1588148856.000218692 1588148857.000206132
[21115.880811] [Project1] 15542 1588148859.000131047 1588148860.000103034
[21118.783857] [Project1] 15543 1588148862.000027831 1588148863.000006073
[21121.713828] [Project1] 15544 1588148864.000947604 1588148865.000936058
[22506.363257] [Project1] 15904 1588150250.000647120 1588150250.000682352
[22506.397615] [Project1] 15905 1588150250.000687199 1588150250.000721331
[22506.403215] [Project1] 15906 1588150250.000696104 1588150250.000726991
[22568.668576] [Project1] 16312 1588150312.000954591 1588150312.000992299
[22568.714863] [Project1] 16313 1588150313.000014336 1588150313.000038617
[22568.726142] [Project1] 16314 1588150313.000000556 1588150313.000049891
[22610.393251] [Project1] 16492 1588150354.000683847 1588150354.000716997
[22610.446395] [Project1] 16493 1588150354.000730939 1588150354.000770131
[22610.453588] [Project1] 16494 1588150354.000726027 1588150354.000777360
[22734.604148] [Project1] 16669 1588150478.000887650 1588150478.000927849
[22734.636200] [Project1] 16670 1588150478.000928325 1588150478.000959943
[22734.646341] [Project1] 16671 1588150478.000928577 1588150478.000969938
[23143.004109] [Project1] 17549 1588150886.000523220 1588150887.000428993
[23147.617653] [Project1] 17550 1588150886.000523510 1588150892.000042591
[23147.630183] [Project1] 17552 1588150886.000567112 1588150892.000055137
[23147.679386] [Project1] 17553 1588150886.000527230 1588150892.000104325
[23147.681255] [Project1] 17551 1588150886.000523597 1588150892.000106234
[23208.151269] [Project1] 17712 1588150946.000607086 1588150952.000576223
[23212.034090] [Project1] 17713 1588150954.000507040 1588150956.000459018
[23225.283238] [Project1] 17714 1588150958.000255074 1588150969.000708150
[23231.073316] [Project1] 17715 1588150971.000627577 1588150975.000498269
[23236.804884] [Project1] 17716 1588150979.000347105 1588150981.000229833
[23281.227935] [Project1] 17871 1588151016.000535085 1588151025.000652853
[23291.113619] [Project1] 17872 1588151027.000719079 1588151035.000538536
[23298.857767] [Project1] 17873 1588151036.000983783 1588151043.000282677
[23318.318967] [Project1] 17874 1588151044.000435044 1588151062.000743908
[23328.774204] [Project1] 17875 1588151045.000931513 1588151073.000199150
[23337.704344] [Project1] 17876 1588151049.000262695 1588151082.000129267
[23414.269518] [Project1] 18032 1588151153.000307130 1588151158.000694425
[23420.128715] [Project1] 18033 1588151160.000639449 1588151164.000553650
[23431.366370] [Project1] 18034 1588151164.000423442 1588151175.000791314
[23440.818837] [Project1] 18035 1588151177.000672736 1588151185.000243743
[23444.460162] [Project1] 18036 1588151185.000163521 1588151188.000885098
[23486.039228] [Project1] 18192 1588151229.000446869 1588151230.000463864
[23488.910458] [Project1] 18193 1588151232.000359517 1588151233.000335402
[23491.821792] [Project1] 18194 1588151235.000271407 1588151236.000246731
[23494.410820] [Project1] 18195 1588151237.000867064 1588151238.000835730
[23497.339391] [Project1] 18196 1588151240.000795537 1588151241.000764296
[23500.206783] [Project1] 18197 1588151243.000722653 1588151244.000631718
[23503.059843] [Project1] 18198 1588151246.000523318 1588151247.000484789
[23506.039761] [Project1] 18199 1588151249.000483906 1588151250.000464692
[23508.903794] [Project1] 18200 1588151252.000379049 1588151253.000328707
[23511.600073] [Project1] 18201 1588151255.000035087 1588151256.000024995
[24717.743546] [Project1] 18484 1588152296.000205255 1588152462.000269646
[24725.088539] [Project1] 18488 1588152428.000767175 1588152469.000614623
[24725.707654] [Project1] 18813 1588152462.000579879 1588152470.000233751
[24740.158475] [Project1] 18487 1588152361.000699051 1588152484.000684558
[25004.336808] [Project1] 19300 1588152598.000879375 1588152748.000862887
[25011.818761] [Project1] 19303 1588152728.000683833 1588152756.000344839
[25012.567788] [Project1] 19304 1588152749.000262528 1588152757.000093862
[25026.542668] [Project1] 19302 1588152664.000211340 1588152771.000068724
